229	372	-991202.000000	100	372	579	147	-0.454947	-1.845811	-0.839747	38.662330	40.126190	0.384800	589.000000	372.000000	579.000000	-1.000000	-1.000000	-1.000000	1.000000	0.000000	-1.000000	-1.000000	-1.000000	90.000000	0.485241	0.075479	0.280000	136.812500	0.000000	0.000000	13009.723281	132.437500	0.583822	-1.972287	0.000000	207.000000	0.677056	0.292256	0.971267	9.522616	13447.840596	0.000000	150.000000	0.053930	1.257960	0.542581	0.715380	43.131761	56.868239	1.000000	1.257960	1.#QNAN0	1.#QNAN0	0.542581	1.#QNAN0	1.#QNAN0	2.929805	1.000000	0.794355	0.391516	1.#QNAN0	1.#QNAN0	0.504664	1.000000	1.#QNAN0	0.715380	1.#QNAN0	1.#QNAN0	2.089167	1.000000	0.791977	0.669422	1.#QNAN0	1.#QNAN0	0.714345	1.000000	81.796875	45.050482	135.028546	0.000000	81.796875	-1.000000	-1.000000	-1.000000	-1.000000	0.485241	1013.000000	25.000000	0.000000	0.000000	0.000000	0.000000	0.000000	0.000000	0.000000	0.000000	-1.000000	0.000000	0.000000	3.929579	1.#QNAN0	13009.723281	9487.460000	1.#QNAN0	1.#QNAN0	13009.723281	-1.000000	2.070000	-1.000000	0.000000	1.000000	1.000000	1.000000	0.000000	1.#QNAN0	1.#QNAN0	1.#QNAN0	0.000000	0.000000	1.#QNAN0	1.#QNAN0	1.#QNAN0	1.#QNAN0	0.000000	1.#QNAN0	0.000000	38.662330	1.#QNAN0	0.000000	1.#QNAN0	1.#QNAN0	1.000000	0.000000	-1.000000	0.000000	-1.972287	0.000000	1.#QNAN0	0.000138	1.#QNAN0	4.000000	0.000000	0.000000	0.000000	3.000000	45.000000	10499.024390	1.#QNAN0	132.504883	0.738859	0.000000	0.000000	0.000000
230	544	-991203.000000	100	544	904	170	905.000000	544.000000	904.000000	0.000000	-1.000000	-1.000000	1.000000	13377.215820	12.713331	7.203056	-1.000000	0.266740	0.000000	0.000000	-1.000000	49.115414	146.031898	-1.253946	14448.817383	-1.000000	-1.000000	-1.000000	-1.000000	-1.000000	90.000000	0.000000	13377.215820	14448.817383	1.078581	0.044301	0.044301	-1.000000	-1.034280	1.078581	0.000000	0.000000	0.000000	360.000000	1.386265	1.386265	0.307684	0.000000	1.000000	0.000000	183.000000	0.053930	18.292933	36.534463	28.224333	18.252177	36.534463	14.982466	21.901560	6.679553	0.769743	2.007527	1.010903	0.996624	50.355636	49.644364	1.000000	2.007527	1.#QNAN0	1.#QNAN0	1.010903	1.#QNAN0	1.#QNAN0	3.255671	1.000000	0.372317	1.543058	1.#QNAN0	1.#QNAN0	1.543058	1.000000	1.#QNAN0	0.996624	1.#QNAN0	1.#QNAN0	2.364147	1.000000	1.524022	0.363746	1.#QNAN0	1.#QNAN0	1.555445	1.000000	-1.000000	-1.000000	-1.000000	-1.000000	76.873615	44.859557	141.450139	0.000000	76.873615	0.000000	1013.000000	25.000000	0.000000	0.000000	0.000000	0.000000	0.000000	0.000000	0.000000	0.000000	-1.000000	0.000000	0.000000	12.713331	1.#QNAN0	13378.030771	9736.750000	1.#QNAN0	1.#QNAN0	13378.030771	-1.000000	3.600000	-1.000000	0.000000	1.000000	1.000000	1.000000	0.000000	1.#QNAN0	1.#QNAN0	1.#QNAN0	0.000000	0.000000	1.#QNAN0	1.#QNAN0	1.#QNAN0	1.#QNAN0	0.000000	25.526931	0.000000	36.463727	1.764991	0.000000	0.936213	7.203056	1.000000	0.000000	-1.000000	0.000000	-1.253946	0.000000	1.#QNAN0	0.000171	1.#QNAN0	4.000000	0.000000	0.000000	0.000000	3.000000	45.000000	10808.536108	1.#QNAN0	136.411133	0.664071	0.000000	0.000000	0.000000	0.000000	0.000000	80.240549	1.000000	1.000000	150.000000
233	726	-991202.000000	100	726	1120	147	-0.351078	-2.651513	-0.930887	43.710788	48.134306	0.579810	1130.000000	725.000000	1120.000000	-1.000000	-1.000000	-1.000000	1.000000	0.000000	-1.000000	-1.000000	-1.000000	90.000000	0.000000	0.061876	0.360000	151.812500	3.000000	0.092193	13856.838867	141.312500	0.592787	-1.374774	0.000000	394.000000	0.843968	0.264158	0.972572	9.543347	14894.118154	0.000000	150.000000	0.053930	1.112348	0.371219	0.741129	33.372532	66.627468	1.000000	1.112348	1.#QNAN0	1.#QNAN0	0.371219	1.#QNAN0	1.#QNAN0	2.353696	1.000000	0.332997	0.303683	0.515630	1.#QNAN0	0.378898	1.000000	1.#QNAN0	0.741129	1.#QNAN0	1.#QNAN0	2.280551	1.000000	0.488019	0.854407	1.068581	1.#QNAN0	0.801153	1.000000	54.053165	44.758228	147.310759	0.000000	54.053165	-1.000000	-1.000000	-1.000000	-1.000000	0.000000	1013.000000	25.000000	0.000000	0.000000	0.000000	0.000000	0.000000	0.000000	0.000000	0.000000	-1.000000	0.000000	0.000000	8.228997	1.#QNAN0	13856.838867	10148.430000	1.#QNAN0	1.#QNAN0	13856.838867	-1.000000	3.940000	-1.000000	0.000000	1.000000	1.000000	1.000000	0.000000	1.#QNAN0	1.#QNAN0	1.#QNAN0	0.000000	0.000000	1.#QNAN0	1.#QNAN0	1.#QNAN0	1.#QNAN0	0.000000	1.#QNAN0	0.000000	43.710788	1.#QNAN0	0.000000	1.#QNAN0	1.#QNAN0	1.000000	0.000000	-1.000000	0.000000	-1.374774	0.000000	1.#QNAN0	0.000171	1.#QNAN0	4.000000	0.000000	0.000000	0.000000	3.000000	44.900002	11199.991055	1.#QNAN0	141.351563	0.574332	0.000000	0.000000	0.000000
234	1346	-990705.000000	100	1346	1828	155	1828.000000	-0.350091	-1.000000	-0.350091	-1.000000	-1.749474	14522.953145	0.000000	148.067383	151.129883	0.071450	2.020000	-0.127832	-1.000000	-1.000000	1.000000	0.000000	-1.000000	0.000000	-0.477922	-1.000000	-0.699751	1.#QNAN0	-0.349660	1.#QNAN0	-7.770000	-7.770000	-7.770000	-7.770000	1.000000	3.000000	0.031319	-0.354251	1.000000	0.000000	0.024752	-0.304540	148.067383	14522.953145	14826.265811	0.000000	0.000000	-1.000000	150.000000	0.000000	0.000000	-1.000000	-1.000000	-1.000000	-1.000000	0.000000	1013.000000	25.000000	0.000000	0.000000	0.000000	0.000000	0.000000	0.000000	0.000000	0.000000	-1.000000	-0.354452	0.000000	2.296102	1.#QNAN0	14826.265811	10813.710000	1.#QNAN0	1.#QNAN0	14826.265811	-1.000000	4.820000	-1.000000	0.000000	1.000000	0.000000	1.000000	0.000000	1.#QNAN0	1.#QNAN0	1.#QNAN0	0.000000	0.000000	1.#QNAN0	1.#QNAN0	1.#QNAN0	1.#QNAN0	0.000000	1.#QNAN0	0.000000	20.699190	0.000000	0.000000	0.000000	0.000000	1.000000	0.000000	-1.000000	0.000000	-1.729979	0.000000	1.#QNAN0	0.000161	1.#QNAN0	4.000000	0.000000	0.000000	0.000000	3.000000	44.600002	0.000000	1.#QNAN0	151.129883	0.524659	0.000000	0.000000	0.000000	0.790513	0.322816	0.467697	40.836285	59.163715	1.000000	0.790513	1.#QNAN0	1.#QNAN0	0.322816	1.#QNAN0	1.#QNAN0	2.193861	1.000000	0.356797	0.257623	0.443351	0.209386	0.340586	1.000000	1.#QNAN0	0.467697	1.#QNAN0	1.#QNAN0	2.153996	1.000000	0.256377	0.934394	0.302884	0.283792	0.777262	1.000000	31.637681	44.525881	149.587992	0.000000	31.637681
235	1826	-991203.000000	100	1826	2175	170	2175.000000	1826.000000	2175.000000	0.000000	-1.000000	-1.000000	1.000000	14529.781250	9.574805	5.178917	-1.000000	0.076961	0.000000	0.000000	-1.000000	32.184849	19.656255	-1.764623	14505.041992	-1.000000	-1.000000	-1.000000	-1.000000	-1.000000	90.000000	0.000000	14529.781250	14505.041992	-0.078011	-0.991664	-0.991664	-1.000000	-0.913653	-0.078011	0.000000	0.000000	0.000000	349.000000	-0.034600	-0.034600	0.043411	0.000000	1.000000	0.000000	150.000000	0.053930	41.452370	82.351346	73.466873	82.351346	62.805506	30.780869	22.712339	37.504644	0.249560	1.595886	0.717904	0.877983	44.984628	55.015372	1.000000	1.595886	1.#QNAN0	1.#QNAN0	0.717904	1.#QNAN0	1.#QNAN0	1.896845	1.000000	0.792101	0.628867	1.#QNAN0	1.#QNAN0	0.792101	1.000000	1.#QNAN0	0.877983	1.#QNAN0	1.#QNAN0	2.399833	1.000000	0.564527	1.139196	1.#QNAN0	1.#QNAN0	1.139196	1.000000	-1.000000	-1.000000	-1.000000	-1.000000	43.938929	44.418573	147.735000	0.000000	43.938929	0.000000	1013.000000	25.000000	0.000000	0.000000	0.000000	0.000000	0.000000	0.000000	0.000000	0.000000	-1.000000	0.000000	0.000000	9.574805	1.#QNAN0	14523.564063	10586.130000	1.#QNAN0	1.#QNAN0	14523.564063	-1.000000	3.490000	-1.000000	0.000000	1.000000	1.000000	1.000000	0.000000	1.#QNAN0	1.#QNAN0	1.#QNAN0	0.000000	0.000000	1.#QNAN0	1.#QNAN0	1.#QNAN0	1.#QNAN0	0.000000	20.657767	0.000000	22.702503	1.490000	0.000000	0.848483	5.178917	1.000000	0.000000	-1.000000	0.000000	-1.764623	0.000000	1.#QNAN0	0.000139	1.#QNAN0	4.000000	0.000000	0.000000	0.000000	3.000000	44.500000	11734.208281	1.#QNAN0	148.093750	0.806965	0.000000	0.000000	0.000000	0.000000	0.000000	40.661554	1.000000	1.000000	150.000000
237	3066	-990801.000000	100	3066	3578	143	3579.000000	0.030090	-1.000000	1.000000	14772.179958	4.102871	150.583699	-1.000000	29.523289	90.000000	0.000000	0.056693	0.000000	14762.920352	150.437500	0.000000	0.000000	79.235000	0.000000	0.157115	0.080449	150.000000	6.180000	23.366294	23.808434	-1.702770	0.093673	0.122293	0.080449	0.104400	21.626243	32.318702	31.154707	31.617545	30.599300	18.450088	19.402612	17.307060	1.#QNAN0	2.326387	0.456636	1.869750	19.628566	80.371434	1.000000	2.326387	1.#QNAN0	1.#QNAN0	0.456636	1.#QNAN0	1.#QNAN0	2.125333	1.000000	0.452802	0.459831	1.#QNAN0	1.#QNAN0	0.360264	1.000000	1.#QNAN0	1.869750	1.#QNAN0	1.#QNAN0	2.217899	1.000000	2.088984	1.606670	1.#QNAN0	1.#QNAN0	1.593886	1.000000	-1.000000	-1.000000	-1.000000	-1.000000	0.000000	1013.000000	25.000000	0.000000	0.000000	0.000000	0.000000	0.000000	0.000000	0.000000	0.000000	-1.000000	0.000000	0.000000	3.513503	1.#QNAN0	14764.801855	10759.420000	1.#QNAN0	1.#QNAN0	14772.179958	-1.000000	5.120000	-1.000000	0.000000	1.000000	0.000000	1.000000	0.000000	1.#QNAN0	1.#QNAN0	1.#QNAN0	0.000000	0.000000	1.#QNAN0	1.#QNAN0	1.#QNAN0	1.#QNAN0	0.000000	1.#QNAN0	0.000000	29.523289	0.000000	0.000000	0.000000	0.000000	1.000000	0.000000	-1.000000	0.000000	-1.702770	0.000000	1.#QNAN0	0.000199	0.000000	4.000000	0.000000	0.000000	0.000000	3.000000	44.100002	0.000000	1.#QNAN0	150.583699	0.519859	0.000000	0.000000	0.000000
238	3579	-990801.000000	100	3579	4091	143	4092.000000	0.087551	-1.000000	1.000000	14725.562140	4.233136	150.109527	-1.000000	28.957851	90.000000	0.000000	0.202903	0.000000	14703.900615	149.937500	0.000000	0.000000	79.235000	0.000000	0.128863	0.063327	150.000000	6.180000	23.289568	23.807849	-1.529848	0.074339	0.096877	0.063327	0.085627	20.414151	33.215318	31.846054	30.202937	33.215318	16.603517	15.435251	17.577072	1.#QNAN0	1.218882	0.409088	0.809795	33.562514	66.437486	1.000000	1.218882	1.#QNAN0	1.#QNAN0	0.409088	1.#QNAN0	1.#QNAN0	2.262722	1.000000	0.459929	0.348078	1.#QNAN0	1.#QNAN0	0.346539	1.000000	1.#QNAN0	0.809795	1.#QNAN0	1.#QNAN0	1.921312	1.000000	0.822126	0.794998	1.#QNAN0	1.#QNAN0	0.682364	1.000000	-1.000000	-1.000000	-1.000000	-1.000000	0.000000	1013.000000	25.000000	0.000000	0.000000	0.000000	0.000000	0.000000	0.000000	0.000000	0.000000	-1.000000	0.000000	0.000000	0.816737	1.#QNAN0	14763.014414	10761.390000	1.#QNAN0	1.#QNAN0	14725.562140	-1.000000	5.120000	-1.000000	0.000000	1.000000	0.000000	1.000000	0.000000	1.#QNAN0	1.#QNAN0	1.#QNAN0	0.000000	0.000000	1.#QNAN0	1.#QNAN0	1.#QNAN0	1.#QNAN0	0.000000	1.#QNAN0	0.000000	28.957851	0.000000	0.000000	0.000000	0.000000	1.000000	0.000000	-1.000000	0.000000	-1.529848	0.000000	1.#QNAN0	0.000172	0.000000	4.000000	0.000000	0.000000	0.000000	3.000000	44.000000	0.000000	1.#QNAN0	150.109527	0.583698	0.000000	0.000000	0.000000
239	4092	-990801.000000	100	4092	4604	143	4605.000000	0.058713	-1.000000	1.000000	14694.579605	4.184250	149.788255	-1.000000	28.899355	90.000000	0.000000	0.060855	0.000000	14684.910273	149.875000	0.000000	0.483623	79.235000	0.000000	0.153085	0.078123	150.000000	6.180000	23.237582	23.811960	-1.946565	0.093836	0.120039	0.078123	0.101750	26.272006	42.135412	39.821588	37.045000	42.135412	21.755479	20.596234	22.721516	1.#QNAN0	1.994652	0.475266	1.519387	23.826990	76.173010	1.000000	1.994652	1.#QNAN0	1.#QNAN0	0.475266	1.#QNAN0	1.#QNAN0	2.507335	1.000000	0.413330	0.526878	1.#QNAN0	1.#QNAN0	0.371639	1.000000	1.#QNAN0	1.519387	1.#QNAN0	1.#QNAN0	2.188478	1.000000	1.569011	1.459837	1.#QNAN0	1.#QNAN0	1.207176	1.000000	-1.000000	-1.000000	-1.000000	-1.000000	0.483623	1013.000000	25.000000	0.000000	0.000000	0.000000	0.000000	0.000000	0.000000	0.000000	0.000000	-1.000000	0.000000	0.000000	0.770504	1.#QNAN0	14703.871250	10717.050000	1.#QNAN0	1.#QNAN0	14694.579605	-1.000000	5.120000	-1.000000	0.000000	1.000000	0.000000	1.000000	0.000000	1.#QNAN0	1.#QNAN0	1.#QNAN0	0.000000	0.000000	1.#QNAN0	1.#QNAN0	1.#QNAN0	1.#QNAN0	0.000000	1.#QNAN0	0.000000	28.899355	0.000000	0.000000	0.000000	0.000000	1.000000	0.000000	-1.000000	0.000000	-1.946565	0.000000	1.#QNAN0	0.000184	0.000000	4.000000	0.000000	0.000000	0.000000	3.000000	43.900002	0.000000	1.#QNAN0	149.788255	0.690810	0.000000	0.000000	0.000000
240	4605	-990801.000000	100	4605	5117	143	5118.000000	0.070913	-1.000000	1.000000	14644.280417	4.726958	149.282164	-1.000000	28.649429	90.000000	0.000000	0.265944	0.000000	14597.602275	148.750000	0.000000	0.485241	79.235000	0.000000	0.183823	0.092830	150.000000	6.180000	23.155690	23.806102	-1.965734	0.105499	0.136774	0.092830	0.122143	20.834971	31.181626	30.505099	29.693266	31.181626	17.611595	16.922236	18.186060	1.#QNAN0	3.866382	0.656624	3.209758	16.982906	83.017094	1.000000	3.866382	1.#QNAN0	1.#QNAN0	0.656624	1.#QNAN0	1.#QNAN0	2.354233	1.000000	0.725163	0.574377	1.#QNAN0	1.#QNAN0	0.532790	1.000000	1.#QNAN0	3.209758	1.#QNAN0	1.#QNAN0	2.012111	1.000000	3.589572	2.753982	1.#QNAN0	1.#QNAN0	2.907758	1.000000	-1.000000	-1.000000	-1.000000	-1.000000	0.485241	1013.000000	25.000000	0.000000	0.000000	0.000000	0.000000	0.000000	0.000000	0.000000	0.000000	-1.000000	0.000000	0.000000	0.986246	1.#QNAN0	14684.004541	10703.020000	1.#QNAN0	1.#QNAN0	14644.280417	-1.000000	5.120000	-1.000000	0.000000	1.000000	0.000000	1.000000	0.000000	1.#QNAN0	1.#QNAN0	1.#QNAN0	0.000000	0.000000	1.#QNAN0	1.#QNAN0	1.#QNAN0	1.#QNAN0	0.000000	1.#QNAN0	0.000000	28.649429	0.000000	0.000000	0.000000	0.000000	1.000000	0.000000	-1.000000	0.000000	-1.965734	0.000000	1.#QNAN0	0.000157	0.000000	4.000000	0.000000	0.000000	0.000000	3.000000	43.900002	0.000000	1.#QNAN0	149.282164	0.524219	0.000000	0.000000	0.000000
241	5118	-990801.000000	100	5118	5630	143	5631.000000	0.068726	-1.000000	1.000000	14549.231763	3.601736	148.311525	-1.000000	28.405261	90.000000	0.000000	0.296091	0.000000	14499.501162	147.812500	0.000000	0.485241	79.235000	0.000000	0.167957	0.087839	150.000000	6.180000	22.998629	23.807944	-2.023982	0.094148	0.122270	0.087839	0.111613	22.815741	34.654398	33.997516	34.654398	33.209258	19.088482	20.066657	17.914672	1.#QNAN0	2.495256	0.420449	2.074807	16.849921	83.150079	1.000000	2.495256	1.#QNAN0	1.#QNAN0	0.420449	1.#QNAN0	1.#QNAN0	1.926375	1.000000	0.358432	0.472129	1.#QNAN0	1.#QNAN0	0.391341	1.000000	1.#QNAN0	2.074807	1.#QNAN0	1.#QNAN0	1.913240	1.000000	2.213105	1.908850	1.#QNAN0	1.#QNAN0	1.840822	1.000000	-1.000000	-1.000000	-1.000000	-1.000000	0.485241	1013.000000	25.000000	0.000000	0.000000	0.000000	0.000000	0.000000	0.000000	0.000000	0.000000	-1.000000	0.000000	0.000000	0.816734	1.#QNAN0	14597.478457	10640.830000	1.#QNAN0	1.#QNAN0	14549.231763	-1.000000	5.120000	-1.000000	0.000000	1.000000	0.000000	1.000000	0.000000	1.#QNAN0	1.#QNAN0	1.#QNAN0	0.000000	0.000000	1.#QNAN0	1.#QNAN0	1.#QNAN0	1.#QNAN0	0.000000	1.#QNAN0	0.000000	28.405261	0.000000	0.000000	0.000000	0.000000	1.000000	0.000000	-1.000000	0.000000	-2.023982	0.000000	1.#QNAN0	0.000210	0.000000	4.000000	0.000000	0.000000	0.000000	3.000000	43.700001	0.000000	1.#QNAN0	148.311525	0.360399	0.000000	0.000000	0.000000
242	5631	-990801.000000	100	5631	6143	143	6144.000000	0.065319	-1.000000	1.000000	14450.583650	4.265005	147.306774	-1.000000	28.443531	90.000000	0.000000	0.286802	0.000000	14404.563945	146.625000	0.000000	0.485241	79.235000	0.000000	0.161469	0.082981	150.000000	6.180000	22.836048	23.806990	-2.104101	0.087152	0.113255	0.082981	0.107290	18.855408	30.205075	28.781151	29.237894	28.233060	15.546827	17.167376	13.602167	1.#QNAN0	2.658574	0.618875	2.039699	23.278442	76.721558	1.000000	2.658574	1.#QNAN0	1.#QNAN0	0.618875	1.#QNAN0	1.#QNAN0	2.018546	1.000000	0.642115	0.590986	1.#QNAN0	1.#QNAN0	0.519148	1.000000	1.#QNAN0	2.039699	1.#QNAN0	1.#QNAN0	2.219692	1.000000	1.703864	2.319561	1.#QNAN0	1.#QNAN0	1.778942	1.000000	-1.000000	-1.000000	-1.000000	-1.000000	0.485241	1013.000000	25.000000	0.000000	0.000000	0.000000	0.000000	0.000000	0.000000	0.000000	0.000000	-1.000000	0.000000	0.000000	2.018716	1.#QNAN0	14499.322451	10568.590000	1.#QNAN0	1.#QNAN0	14450.583650	-1.000000	5.120000	-1.000000	0.000000	1.000000	0.000000	1.000000	0.000000	1.#QNAN0	1.#QNAN0	1.#QNAN0	0.000000	0.000000	1.#QNAN0	1.#QNAN0	1.#QNAN0	1.#QNAN0	0.000000	1.#QNAN0	0.000000	28.443531	0.000000	0.000000	0.000000	0.000000	1.000000	0.000000	-1.000000	0.000000	-2.104101	0.000000	1.#QNAN0	0.000188	0.000000	4.000000	0.000000	0.000000	0.000000	3.000000	43.600002	0.000000	1.#QNAN0	147.306774	0.468683	0.000000	0.000000	0.000000
243	6144	-990801.000000	100	6144	6332	143	6333.000000	0.222304	-1.000000	1.000000	14365.413366	5.553170	146.447751	-1.000000	25.571446	90.000000	0.000000	0.203922	0.000000	14324.225762	146.062500	0.000000	0.485241	79.235000	0.000000	0.125174	0.083235	150.000000	6.180000	22.697047	23.800357	-2.219133	0.090956	0.117332	0.083235	0.106758	29.751465	43.093881	43.093881	43.093881	0.000000	25.303993	25.303993	0.000000	1.#QNAN0	1.857969	0.438533	1.419436	23.602822	76.397178	1.000000	1.857969	1.#QNAN0	1.#QNAN0	0.438533	1.#QNAN0	1.#QNAN0	2.174498	1.000000	0.484391	1.#QNAN0	1.#QNAN0	1.#QNAN0	0.374173	1.000000	1.#QNAN0	1.419436	1.#QNAN0	1.#QNAN0	2.076847	1.000000	1.517337	1.#QNAN0	1.#QNAN0	1.#QNAN0	1.205735	1.000000	-1.000000	-1.000000	-1.000000	-1.000000	0.485241	1013.000000	25.000000	0.000000	0.000000	0.000000	0.000000	0.000000	0.000000	0.000000	0.000000	-1.000000	0.000000	0.000000	3.960392	1.#QNAN0	14404.632090	10500.870000	1.#QNAN0	1.#QNAN0	14365.413366	-1.000000	1.880000	-1.000000	0.000000	1.000000	0.000000	1.000000	0.000000	1.#QNAN0	1.#QNAN0	1.#QNAN0	0.000000	0.000000	1.#QNAN0	1.#QNAN0	1.#QNAN0	1.#QNAN0	0.000000	1.#QNAN0	0.000000	25.571446	0.000000	0.000000	0.000000	0.000000	1.000000	0.000000	-1.000000	0.000000	-2.219133	0.000000	1.#QNAN0	0.000179	0.000000	4.000000	0.000000	0.000000	0.000000	3.000000	43.600002	0.000000	1.#QNAN0	146.447751	0.404945	0.000000	0.000000	0.000000
244	6529	-991209.000000	100	6529	6692	164	6693.000000	6529.000000	6692.000000	0.000000	-1.000000	-1.000000	1.000000	14143.208984	11.619217	15.503493	-1.000000	0.064416	0.000000	0.000000	-1.000000	18.819161	-11.766198	-1.899096	13781.809570	-1.000000	-1.000000	-1.000000	-1.000000	-1.000000	90.000000	0.485241	14143.208984	13781.809570	-0.471956	-1.566673	-1.566673	-1.000000	-1.094717	-0.471956	0.000000	0.000000	0.000000	163.000000	-0.836843	-0.836843	-0.364887	0.000000	1.000000	0.000000	107.000000	0.053930	25.735546	37.737789	37.737789	37.737789	0.000000	21.734799	21.734799	0.000000	0.510326	0.239234	0.173282	0.065953	72.431739	27.568261	1.000000	0.239234	1.#QNAN0	1.#QNAN0	0.173282	1.#QNAN0	1.#QNAN0	2.415324	1.000000	0.173282	1.#QNAN0	1.#QNAN0	1.#QNAN0	0.173282	1.000000	1.#QNAN0	0.065953	1.#QNAN0	1.#QNAN0	2.373363	1.000000	0.120913	1.#QNAN0	1.#QNAN0	1.#QNAN0	0.120913	1.000000	-1.000000	-1.000000	-1.000000	-1.000000	-0.188262	43.500000	142.698933	0.000000	-0.188262	0.485241	1013.000000	25.000000	0.000000	0.000000	0.000000	0.000000	0.000000	0.000000	0.000000	0.000000	-1.000000	0.000000	0.000000	11.588400	1.#QNAN0	14145.855938	10323.930000	1.#QNAN0	1.#QNAN0	14145.855938	-1.000000	1.630000	-1.000000	0.000000	1.000000	1.000000	1.000000	0.000000	1.#QNAN0	1.#QNAN0	1.#QNAN0	0.000000	0.000000	1.#QNAN0	1.#QNAN0	1.#QNAN0	1.#QNAN0	0.000000	32.664277	0.000000	18.788343	0.747470	0.000000	0.753449	15.503493	1.000000	0.000000	-1.000000	0.000000	-1.899096	0.000000	1.#QNAN0	0.000158	1.#QNAN0	4.000000	0.000000	0.000000	0.000000	3.000000	43.500000	11431.041553	1.#QNAN0	144.267578	0.484795	0.000000	0.000000	0.000000
246	6635	-991203.000000	100	6635	6984	170	6984.000000	6635.000000	6984.000000	0.000000	-1.000000	-1.000000	1.000000	13944.407227	4.566526	4.602886	-1.000000	0.067689	0.000000	0.000000	-1.000000	11.894886	-1.000000	-2.248341	13018.424805	-1.000000	-1.000000	-1.000000	-1.000000	-1.000000	90.000000	0.485241	13944.407227	13018.424805	-0.902215	-1.707937	-1.707937	-1.000000	-0.805722	-0.902215	0.000000	0.000000	0.000000	349.000000	-1.100726	-1.100726	-0.198511	0.000000	1.000000	0.000000	150.000000	0.053930	55.296141	131.362881	116.573751	98.826795	131.362881	34.870271	40.843108	27.702866	0.151485	0.476798	0.300107	0.176690	62.942251	37.057749	1.000000	0.476798	1.#QNAN0	1.#QNAN0	0.300107	1.#QNAN0	1.#QNAN0	2.375493	1.000000	0.306708	0.292186	1.#QNAN0	1.#QNAN0	0.306708	1.000000	1.#QNAN0	0.176690	1.#QNAN0	1.#QNAN0	2.288298	1.000000	0.188349	0.162700	1.#QNAN0	1.#QNAN0	0.207065	1.000000	-1.000000	-1.000000	-1.000000	-1.000000	-11.318571	43.500000	137.475714	0.000000	-11.318571	0.485241	1013.000000	25.000000	0.000000	0.000000	0.000000	0.000000	0.000000	0.000000	0.000000	0.000000	-1.000000	0.000000	0.000000	4.566526	1.#QNAN0	13940.750566	10197.450000	1.#QNAN0	1.#QNAN0	13940.750566	-1.000000	3.490000	-1.000000	0.000000	1.000000	1.000000	1.000000	0.000000	1.#QNAN0	1.#QNAN0	1.#QNAN0	0.000000	0.000000	1.#QNAN0	1.#QNAN0	1.#QNAN0	1.#QNAN0	0.000000	14.488163	0.000000	7.431095	0.992101	0.000000	0.940446	4.602886	1.000000	0.000000	-1.000000	0.000000	-2.248341	0.000000	1.#QNAN0	0.000168	1.#QNAN0	4.000000	0.000000	0.000000	0.000000	3.000000	43.500000	11263.440957	1.#QNAN0	142.152344	0.619124	0.000000	0.000000	0.000000	0.000000	0.000000	15.148018	1.000000	1.000000	150.000000
248	7124	-990705.000000	100	7124	10217	155	10217.000000	-1.000000	-1.276294	-1.000000	-1.276294	-2.508146	1377.325803	0.000000	14.104492	128.838867	0.067541	4.010000	-1.000000	1.075592	-1.000000	1.000000	0.485241	-1.000000	0.000000	-1.000000	-0.200702	1.#QNAN0	-0.335579	1.#QNAN0	0.940715	-7.770000	-7.770000	-7.770000	-7.770000	1.000000	3.000000	0.102296	-1.270279	1.000000	0.000000	0.033212	-0.956915	14.104492	1377.325803	12633.910811	0.000000	0.000000	-1.000000	150.000000	0.000000	0.000000	-1.000000	-1.000000	-1.000000	-1.000000	0.485241	1013.000000	25.000000	0.000000	0.000000	0.000000	0.000000	0.000000	0.000000	0.000000	0.000000	-1.000000	-1.270176	0.000000	0.030476	1.#QNAN0	12633.910811	9237.200000	1.#QNAN0	1.#QNAN0	12633.910811	-1.000000	30.930000	-1.000000	0.000000	1.000000	0.000000	1.000000	0.000000	1.#QNAN0	1.#QNAN0	1.#QNAN0	0.000000	0.000000	1.#QNAN0	1.#QNAN0	1.#QNAN0	1.#QNAN0	0.000000	1.#QNAN0	0.000000	10.096697	0.000000	0.000000	0.000000	0.000000	1.000000	0.000000	-1.000000	0.000000	-2.490499	0.000000	1.#QNAN0	0.000185	1.#QNAN0	4.000000	0.000000	0.000000	0.000000	3.000000	43.400002	0.000000	1.#QNAN0	128.838867	2.448980	0.000000	0.000000	0.000000	0.963672	0.331823	0.631849	34.433181	65.566819	1.000000	0.963672	1.#QNAN0	1.#QNAN0	0.331823	1.#QNAN0	1.#QNAN0	1.794656	1.000000	0.272400	0.306755	0.383463	0.354345	0.382435	1.000000	1.#QNAN0	0.631849	1.#QNAN0	1.#QNAN0	2.710413	1.000000	0.364029	0.481919	0.523997	1.069850	0.809995	1.000000	-40.731739	43.614577	74.695439	0.000000	-40.731739
249	10217	-990701.000000	100	10217	10888	147	10888.000000	-1.000000	-1.276294	-1.000000	-1.276294	0.027940	4.010000	630.757525	1.312412	0.024878	0.000000	104.930000	-1.000000	-1.000000	1.#QNAN0	1.#QNAN0	1.#QNAN0	529.034191	0.000000	5.438477	14.104492	-0.025081	-1.000000	1.075592	-1.000000	1.000000	-1.000000	-1.000000	-0.200702	1.#QNAN0	-0.335579	1.#QNAN0	0.940715	-7.770000	-7.770000	3.541139	3.893384	1.000000	3.000000	150.000000	0.485241	0.000000	0.000000	-1.000000	-1.000000	-1.000000	-1.000000	0.485241	1013.000000	25.000000	0.000000	0.000000	0.000000	0.000000	0.000000	0.000000	0.000000	0.000000	-1.000000	-1.166724	0.000000	0.000000	1.#QNAN0	1377.325803	1004.710000	1.#QNAN0	1.#QNAN0	1377.325803	-1.000000	6.710000	-1.000000	0.000000	1.000000	0.000000	1.000000	0.000000	1.#QNAN0	1.#QNAN0	1.#QNAN0	0.000000	0.000000	1.#QNAN0	1.#QNAN0	1.#QNAN0	1.#QNAN0	0.000000	1.#QNAN0	0.000000	10.096697	0.000000	0.000000	0.000000	0.000000	1.000000	0.000000	-1.000000	0.000000	-2.311465	0.000000	1.#QNAN0	0.000209	1.#QNAN0	4.000000	0.000000	0.000000	0.000000	3.000000	43.799999	0.000000	1.#QNAN0	14.104492	2.542373	0.000000	0.000000	0.000000	0.751287	0.716341	0.034946	95.348563	4.651437	1.000000	0.751287	1.#QNAN0	1.#QNAN0	0.716341	1.#QNAN0	1.#QNAN0	2.833553	1.000000	0.570098	0.838211	1.#QNAN0	1.#QNAN0	0.544854	1.000000	0.000000	0.034946	1.#QNAN0	1.#QNAN0	2.352566	1.000000	0.041948	0.026543	1.#QNAN0	1.#QNAN0	0.030834	1.000000
250	10996	-990801.000000	100	10996	11508	143	11509.000000	0.035992	-1.000000	1.000000	469.498080	9.312040	4.733918	-1.000000	10.096697	90.000000	0.000000	0.198687	0.000000	447.718769	4.500000	0.000000	0.485241	79.235000	0.000000	0.079578	0.038331	150.000000	6.180000	0.233994	25.155472	-2.214370	0.016697	0.023515	0.038331	0.052876	29.219301	46.206692	44.893673	43.318050	46.206692	23.994510	23.592538	24.329488	1.#QNAN0	0.476863	0.448468	0.028395	94.045439	5.954561	1.000000	0.476863	1.#QNAN0	1.#QNAN0	0.448468	1.#QNAN0	1.#QNAN0	2.051550	1.000000	0.235033	0.626331	1.#QNAN0	1.#QNAN0	0.501436	1.000000	1.#QNAN0	0.028395	1.#QNAN0	1.#QNAN0	2.238782	1.000000	0.024890	0.031316	1.#QNAN0	1.#QNAN0	0.024591	1.000000	-1.000000	-1.000000	-1.000000	-1.000000	0.485241	1013.000000	25.000000	0.000000	0.000000	0.000000	0.000000	0.000000	0.000000	0.000000	0.000000	-1.000000	0.000000	0.000000	0.000000	1.#QNAN0	507.907379	371.770000	1.#QNAN0	1.#QNAN0	469.498080	-1.000000	5.120000	-1.000000	0.000000	1.000000	0.000000	1.000000	0.000000	1.#QNAN0	1.#QNAN0	1.#QNAN0	0.000000	0.000000	1.#QNAN0	1.#QNAN0	1.#QNAN0	1.#QNAN0	0.000000	1.#QNAN0	0.000000	10.096697	0.000000	0.000000	0.000000	0.000000	1.000000	0.000000	-1.000000	0.000000	-2.214370	0.000000	1.#QNAN0	0.000191	0.000000	4.000000	0.000000	0.000000	0.000000	3.000000	43.900002	0.000000	1.#QNAN0	4.733918	1.234568	0.000000	0.000000	0.000000
251	11509	-990801.000000	100	11509	11945	143	11946.000000	0.184640	-1.000000	1.000000	443.801496	3.306820	4.471253	-1.000000	10.421986	90.000000	0.000000	0.036485	0.000000	480.035532	4.750000	0.000000	0.485241	79.235000	0.000000	0.031333	0.014591	150.000000	6.180000	0.276496	25.272209	-2.164208	0.010513	0.016322	0.014591	0.021680	13.259903	33.885453	21.401974	6.421798	33.885453	10.545879	3.573880	16.355879	1.#QNAN0	0.125218	0.116714	0.008504	93.208843	6.791157	1.000000	0.125218	1.#QNAN0	1.#QNAN0	0.116714	1.#QNAN0	1.#QNAN0	3.239818	1.000000	0.017901	0.199058	1.#QNAN0	1.#QNAN0	0.123028	1.000000	1.#QNAN0	0.008504	1.#QNAN0	1.#QNAN0	1.897706	1.000000	0.007772	0.009113	1.#QNAN0	1.#QNAN0	0.007612	1.000000	-1.000000	-1.000000	-1.000000	-1.000000	0.485241	1013.000000	25.000000	0.000000	0.000000	0.000000	0.000000	0.000000	0.000000	0.000000	0.000000	-1.000000	0.000000	0.000000	3.375158	1.#QNAN0	447.777553	326.350000	1.#QNAN0	1.#QNAN0	443.801496	-1.000000	4.360000	-1.000000	0.000000	1.000000	0.000000	1.000000	0.000000	1.#QNAN0	1.#QNAN0	1.#QNAN0	0.000000	0.000000	1.#QNAN0	1.#QNAN0	1.#QNAN0	1.#QNAN0	0.000000	1.#QNAN0	0.000000	10.421986	0.000000	0.000000	0.000000	0.000000	1.000000	0.000000	-1.000000	0.000000	-2.164208	0.000000	1.#QNAN0	0.000156	0.000000	4.000000	0.000000	0.000000	0.000000	3.000000	43.900002	0.000000	1.#QNAN0	4.471253	0.000000	0.000000	0.000000	0.000000
252	11938	-991203.000000	100	11938	12598	170	12598.000000	11938.000000	12598.000000	0.000000	-1.000000	-1.000000	1.000000	474.878448	48.618862	11.288400	91.873959	0.072472	0.000000	0.010000	8.126041	61.366441	481.296090	-0.976330	8818.300781	-1.000000	-1.000000	-1.000000	-1.000000	-1.000000	90.000000	0.485241	474.878448	8818.300781	4.550131	2.861829	2.861829	1.589938	-1.688302	4.550131	0.000000	0.000000	0.000000	660.000000	5.174786	5.174786	0.624655	0.000000	0.000000	0.000000	461.000000	0.053930	11.105558	16.337493	10.371819	12.203605	8.173675	11.350138	13.972849	8.202885	4.545592	0.300844	0.170136	0.130708	56.552936	43.447064	1.000000	0.300844	1.#QNAN0	1.#QNAN0	0.170136	1.#QNAN0	1.#QNAN0	2.741793	1.000000	0.155583	0.182264	1.#QNAN0	1.#QNAN0	0.182264	1.000000	1.#QNAN0	0.130708	1.#QNAN0	1.#QNAN0	2.408459	1.000000	0.108222	0.149446	1.#QNAN0	1.#QNAN0	0.149446	1.000000	-1.000000	-1.000000	-1.000000	-1.000000	213.928707	43.821029	40.996691	0.000000	213.928707	0.485241	1013.000000	25.000000	0.000000	0.000000	0.000000	0.000000	0.000000	0.000000	0.000000	0.000000	-1.000000	0.000000	0.000000	48.618862	1.#QNAN0	473.445414	330.490000	1.#QNAN0	1.#QNAN0	473.445414	-1.000000	6.600000	-1.000000	0.000000	1.000000	1.000000	1.000000	0.000000	1.#QNAN0	1.#QNAN0	1.#QNAN0	0.000000	0.000000	1.#QNAN0	1.#QNAN0	1.#QNAN0	1.#QNAN0	0.000000	40.243774	0.000000	12.793809	4.306975	0.000000	0.798439	11.288400	1.000000	0.000000	-1.000000	0.000000	-0.976330	0.000000	1.#QNAN0	0.000173	1.#QNAN0	4.000000	0.000000	0.000000	0.000000	3.000000	43.900002	372.265220	1.#QNAN0	4.698242	5.464481	0.000000	0.000000	0.000000	0.000000	0.000000	193.546734	1.000000	1.000000	150.000000
255	12398	-991202.000000	100	12398	12636	147	2.004107	1.985732	-1.975514	60.429472	61.366441	3.979621	12646.000000	12333.000000	12636.000000	-1.000000	-1.000000	-1.000000	1.000000	0.000000	-1.000000	-1.000000	-1.000000	90.000000	0.485241	0.000000	0.000000	94.250000	0.000000	0.077596	5902.232764	59.875000	4.429392	-0.417459	0.000000	238.000000	4.368143	0.388522	0.945316	9.119801	9284.475332	0.000000	150.000000	0.053930	0.389192	0.172688	0.216504	44.370987	55.629013	1.000000	0.389192	1.#QNAN0	1.#QNAN0	0.172688	1.#QNAN0	1.#QNAN0	2.873225	1.000000	0.101854	0.308554	1.#QNAN0	1.#QNAN0	0.205876	1.000000	1.#QNAN0	0.216504	1.#QNAN0	1.#QNAN0	2.698203	1.000000	0.130039	0.360611	1.#QNAN0	1.#QNAN0	0.242292	1.000000	227.857218	43.741004	78.138337	0.000000	227.857218	-1.000000	-1.000000	-1.000000	-1.000000	0.485241	1013.000000	25.000000	0.000000	0.000000	0.000000	0.000000	0.000000	0.000000	0.000000	0.000000	-1.000000	0.000000	0.000000	2.188220	1.#QNAN0	5902.232764	4297.440000	1.#QNAN0	1.#QNAN0	5902.232764	-1.000000	2.380000	-1.000000	0.000000	1.000000	1.000000	1.000000	0.000000	1.#QNAN0	1.#QNAN0	1.#QNAN0	0.000000	0.000000	1.#QNAN0	1.#QNAN0	1.#QNAN0	1.#QNAN0	0.000000	1.#QNAN0	0.000000	60.429472	1.#QNAN0	0.000000	1.#QNAN0	1.#QNAN0	1.000000	0.000000	-1.000000	0.000000	-0.417459	0.000000	1.#QNAN0	0.000203	1.#QNAN0	4.000000	0.000000	0.000000	0.000000	3.000000	43.799999	4736.922100	1.#QNAN0	59.783203	1.096710	0.000000	0.000000	0.000000
256	12633	-991203.000000	100	12633	12862	170	12863.000000	12633.000000	12862.000000	0.000000	-1.000000	-1.000000	1.000000	9253.985352	6.821538	6.902426	-1.000000	0.079250	0.000000	0.000000	-1.000000	64.951863	372.542737	-0.436218	11702.381836	-1.000000	-1.000000	-1.000000	-1.000000	-1.000000	90.000000	0.485241	9253.985352	11702.381836	3.388264	1.587439	1.587439	2.134421	-1.800824	3.388264	0.000000	0.000000	0.000000	229.000000	3.756121	3.756121	0.367857	0.000000	1.000000	0.000000	174.000000	0.053930	34.955548	138.033100	96.907828	47.557502	138.033100	14.304788	10.906786	17.136456	1.068712	1.904839	0.250933	1.653905	13.173461	86.826539	1.000000	1.904839	1.#QNAN0	1.#QNAN0	0.250933	1.#QNAN0	1.#QNAN0	2.095063	1.000000	0.266011	0.232840	1.#QNAN0	1.#QNAN0	0.266011	1.000000	1.#QNAN0	1.653905	1.#QNAN0	1.#QNAN0	2.179866	1.000000	1.131574	2.089181	1.#QNAN0	1.#QNAN0	2.251221	1.000000	-1.000000	-1.000000	-1.000000	-1.000000	175.358696	43.653914	107.300815	0.000000	175.358696	0.485241	1013.000000	25.000000	0.000000	0.000000	0.000000	0.000000	0.000000	0.000000	0.000000	0.000000	-1.000000	0.000000	0.000000	6.821538	1.#QNAN0	9247.746348	6731.670000	1.#QNAN0	1.#QNAN0	9247.746348	-1.000000	2.290000	-1.000000	0.000000	1.000000	1.000000	1.000000	0.000000	1.#QNAN0	1.#QNAN0	1.#QNAN0	0.000000	0.000000	1.#QNAN0	1.#QNAN0	1.#QNAN0	1.#QNAN0	0.000000	37.031522	0.000000	60.857910	0.988281	0.000000	0.177099	6.902426	1.000000	0.000000	-1.000000	0.000000	-0.436218	0.000000	1.#QNAN0	0.000192	1.#QNAN0	4.000000	0.000000	0.000000	0.000000	3.000000	43.700001	7463.642964	1.#QNAN0	94.196289	1.141878	0.000000	0.000000	0.000000	0.000000	0.000000	110.037739	1.000000	1.000000	150.000000
258	13125	-991209.000000	100	13125	13309	164	13310.000000	13125.000000	13309.000000	0.000000	-1.000000	-1.000000	1.000000	13527.669922	7.208502	3.437718	-1.000000	0.061233	0.000000	0.000000	-1.000000	54.601409	199.539819	-1.182968	14417.957031	-1.000000	-1.000000	-1.000000	-1.000000	-1.000000	90.000000	0.485241	13527.669922	14417.957031	1.589138	0.357152	0.357152	4.449476	-1.231987	1.589138	0.000000	0.000000	0.000000	184.000000	1.823262	1.823262	0.234123	0.000000	1.000000	0.000000	119.000000	0.053930	14.794549	22.261866	22.261866	22.261866	0.000000	12.305444	12.305444	0.000000	0.612368	0.438850	0.176350	0.262500	40.184608	59.815392	1.000000	0.438850	1.#QNAN0	1.#QNAN0	0.176350	1.#QNAN0	1.#QNAN0	1.942662	1.000000	0.207591	1.#QNAN0	1.#QNAN0	1.#QNAN0	0.207591	1.000000	1.#QNAN0	0.262500	1.#QNAN0	1.#QNAN0	2.128612	1.000000	0.394113	1.#QNAN0	1.#QNAN0	1.#QNAN0	0.394113	1.000000	-1.000000	-1.000000	-1.000000	-1.000000	84.368243	43.556758	142.712162	0.000000	84.368243	0.485241	1013.000000	25.000000	0.000000	0.000000	0.000000	0.000000	0.000000	0.000000	0.000000	0.000000	-1.000000	0.000000	0.000000	7.211930	1.#QNAN0	13525.610791	9870.710000	1.#QNAN0	1.#QNAN0	13525.610791	-1.000000	1.840000	-1.000000	0.000000	1.000000	1.000000	1.000000	0.000000	1.#QNAN0	1.#QNAN0	1.#QNAN0	0.000000	0.000000	1.#QNAN0	1.#QNAN0	1.#QNAN0	1.#QNAN0	0.000000	14.907653	0.000000	54.570587	1.180000	0.000000	0.814804	3.437718	1.000000	0.000000	-1.000000	0.000000	-1.182968	0.000000	1.#QNAN0	0.000162	1.#QNAN0	4.000000	0.000000	0.000000	0.000000	3.000000	43.600002	10913.151069	1.#QNAN0	137.731445	0.494730	0.000000	0.000000	0.000000
260	13293	-991209.000000	100	13293	13504	164	13505.000000	13293.000000	13504.000000	0.000000	-1.000000	-1.000000	1.000000	14368.916016	15.214912	16.249382	-1.000000	0.181301	0.000000	0.000000	-1.000000	48.714758	143.001353	-1.854005	14701.248047	-1.000000	-1.000000	-1.000000	-1.000000	-1.000000	90.000000	0.485241	14368.916016	14701.248047	1.011683	-0.068513	-0.068513	-1.000000	-1.080196	1.011683	0.000000	0.000000	0.000000	211.000000	1.231148	1.231148	0.219465	0.000000	1.000000	0.000000	129.000000	0.053930	9.347785	19.174526	5.098214	8.878859	0.561439	10.764308	18.980449	0.904940	1.093232	1.799563	0.771020	1.028543	42.844834	57.155166	1.000000	1.799563	1.#QNAN0	1.#QNAN0	0.771020	1.#QNAN0	1.#QNAN0	3.081408	1.000000	0.400383	1.079884	1.#QNAN0	1.#QNAN0	1.101016	1.000000	1.#QNAN0	1.028543	1.#QNAN0	1.#QNAN0	2.050274	1.000000	0.841879	1.184097	1.#QNAN0	1.#QNAN0	1.340654	1.000000	-1.000000	-1.000000	-1.000000	-1.000000	58.794811	43.500000	148.846698	0.000000	58.794811	0.485241	1013.000000	25.000000	0.000000	0.000000	0.000000	0.000000	0.000000	0.000000	0.000000	0.000000	-1.000000	0.000000	0.000000	15.225190	1.#QNAN0	14367.472002	10488.560000	1.#QNAN0	1.#QNAN0	14367.472002	-1.000000	2.110000	-1.000000	0.000000	1.000000	1.000000	1.000000	0.000000	1.#QNAN0	1.#QNAN0	1.#QNAN0	0.000000	0.000000	1.#QNAN0	1.#QNAN0	1.#QNAN0	1.#QNAN0	0.000000	47.116578	0.000000	48.714762	0.936970	0.000000	0.858676	16.249382	1.000000	0.000000	-1.000000	0.000000	-1.854005	0.000000	1.#QNAN0	0.000158	1.#QNAN0	4.000000	0.000000	0.000000	0.000000	3.000000	43.500000	11598.023125	1.#QNAN0	146.375000	0.711744	0.000000	0.000000	0.000000
262	13421	-991203.000000	100	13421	13748	170	13748.000000	13421.000000	13748.000000	0.000000	-1.000000	-1.000000	1.000000	14664.939453	4.337090	9.637431	-1.000000	0.181301	0.000000	0.000000	-1.000000	37.970489	49.226001	-1.936535	14842.676758	-1.000000	-1.000000	-1.000000	-1.000000	-1.000000	90.000000	0.485241	14664.939453	14842.676758	0.085088	-0.707306	-0.707306	-1.120299	-0.792394	0.085088	0.000000	0.000000	0.000000	327.000000	0.358589	0.358589	0.273500	0.000000	1.000000	0.000000	128.000000	0.053930	84.801003	165.133886	153.194220	165.133886	138.866620	62.003265	66.269662	56.883588	0.143095	1.982025	0.950098	1.031926	47.935756	52.064244	1.000000	1.982025	1.#QNAN0	1.#QNAN0	0.950098	1.#QNAN0	1.#QNAN0	2.881753	1.000000	1.097866	0.772777	1.#QNAN0	1.#QNAN0	1.097866	1.000000	1.#QNAN0	1.031926	1.#QNAN0	1.#QNAN0	2.057719	1.000000	0.962777	1.089550	1.#QNAN0	1.#QNAN0	1.089550	1.000000	-1.000000	-1.000000	-1.000000	-1.000000	59.441311	43.439634	150.415396	0.000000	59.441311	0.485241	1013.000000	25.000000	0.000000	0.000000	0.000000	0.000000	0.000000	0.000000	0.000000	0.000000	-1.000000	0.000000	0.000000	4.337090	1.#QNAN0	14658.472598	10671.920000	1.#QNAN0	1.#QNAN0	14658.472598	-1.000000	3.270000	-1.000000	0.000000	1.000000	1.000000	1.000000	0.000000	1.#QNAN0	1.#QNAN0	1.#QNAN0	0.000000	0.000000	1.#QNAN0	1.#QNAN0	1.#QNAN0	1.#QNAN0	0.000000	24.186081	0.000000	33.766948	0.450026	0.000000	0.000000	9.637431	1.000000	0.000000	-1.000000	0.000000	-1.936535	0.000000	1.#QNAN0	0.000236	1.#QNAN0	4.000000	0.000000	0.000000	0.000000	3.000000	43.500000	11832.091362	1.#QNAN0	149.329102	0.711744	0.000000	0.000000	0.000000	0.000000	0.000000	46.040413	1.000000	1.000000	150.000000
264	14018	-990801.000000	100	14018	14530	143	14531.000000	0.019379	-1.000000	1.000000	14798.692164	4.921276	150.854532	-1.000000	28.611213	90.000000	0.000000	0.276269	0.000000	14763.013506	150.500000	0.000000	0.485241	79.235000	0.000000	0.177948	0.089209	150.000000	6.180000	23.410118	23.808393	-1.859072	0.097701	0.127717	0.089209	0.118240	24.476914	37.591702	36.183090	34.492756	37.591702	20.574856	20.295930	20.807294	1.#QNAN0	3.051182	0.455953	2.595229	14.943491	85.056509	1.000000	3.051182	1.#QNAN0	1.#QNAN0	0.455953	1.#QNAN0	1.#QNAN0	2.379221	1.000000	0.533667	0.362696	1.#QNAN0	1.#QNAN0	0.389450	1.000000	1.#QNAN0	2.595229	1.#QNAN0	1.#QNAN0	2.193161	1.000000	2.901114	2.228167	1.#QNAN0	1.#QNAN0	2.229106	1.000000	-1.000000	-1.000000	-1.000000	-1.000000	0.485241	1013.000000	25.000000	0.000000	0.000000	0.000000	0.000000	0.000000	0.000000	0.000000	0.000000	-1.000000	0.000000	0.000000	1.510187	1.#QNAN0	14839.847119	10818.970000	1.#QNAN0	1.#QNAN0	14798.692164	-1.000000	5.120000	-1.000000	0.000000	1.000000	0.000000	1.000000	0.000000	1.#QNAN0	1.#QNAN0	1.#QNAN0	0.000000	0.000000	1.#QNAN0	1.#QNAN0	1.#QNAN0	1.#QNAN0	0.000000	1.#QNAN0	0.000000	28.611213	0.000000	0.000000	0.000000	0.000000	1.000000	0.000000	-1.000000	0.000000	-1.859072	0.000000	1.#QNAN0	0.000172	0.000000	4.000000	0.000000	0.000000	0.000000	3.000000	43.100002	0.000000	1.#QNAN0	150.854532	0.499584	0.000000	0.000000	0.000000
265	14531	-990801.000000	100	14531	15043	143	15044.000000	0.257640	-1.000000	1.000000	14698.532027	4.282826	149.827607	-1.000000	29.353064	90.000000	0.000000	0.370093	0.000000	14634.398271	149.125000	0.000000	0.485241	79.235000	0.000000	0.176393	0.092722	150.000000	6.180000	23.243949	23.812759	-1.850323	0.103777	0.129981	0.092722	0.117206	20.749778	34.146699	31.664347	34.146699	28.685524	17.111589	18.116093	15.906184	1.#QNAN0	3.084921	0.527816	2.557104	17.109559	82.890441	1.000000	3.084921	1.#QNAN0	1.#QNAN0	0.527816	1.#QNAN0	1.#QNAN0	2.164176	1.000000	0.351009	0.675156	1.#QNAN0	1.#QNAN0	0.523074	1.000000	1.#QNAN0	2.557104	1.#QNAN0	1.#QNAN0	1.949471	1.000000	2.599386	2.506367	1.#QNAN0	1.#QNAN0	2.141473	1.000000	-1.000000	-1.000000	-1.000000	-1.000000	0.485241	1013.000000	25.000000	0.000000	0.000000	0.000000	0.000000	0.000000	0.000000	0.000000	0.000000	-1.000000	0.000000	0.000000	0.791047	1.#QNAN0	14762.923789	10762.360000	1.#QNAN0	1.#QNAN0	14698.532027	-1.000000	5.120000	-1.000000	0.000000	1.000000	0.000000	1.000000	0.000000	1.#QNAN0	1.#QNAN0	1.#QNAN0	0.000000	0.000000	1.#QNAN0	1.#QNAN0	1.#QNAN0	1.#QNAN0	0.000000	1.#QNAN0	0.000000	29.353064	0.000000	0.000000	0.000000	0.000000	1.000000	0.000000	-1.000000	0.000000	-1.850323	0.000000	1.#QNAN0	0.000178	0.000000	4.000000	0.000000	0.000000	0.000000	3.000000	42.900002	0.000000	1.#QNAN0	149.827607	0.521921	0.000000	0.000000	0.000000
266	15044	-990801.000000	100	15044	15556	143	15557.000000	0.070875	-1.000000	1.000000	14566.024564	4.045415	148.481603	-1.000000	29.688881	90.000000	0.000000	0.372378	0.000000	14513.452676	147.937500	0.000000	0.485241	79.235000	0.000000	0.176201	0.088554	150.000000	6.180000	23.026149	23.808781	-1.813020	0.102091	0.136466	0.088554	0.117079	23.265956	35.298979	34.654971	33.882162	35.298979	19.469618	19.939947	18.905223	1.#QNAN0	2.906560	0.517597	2.388963	17.807887	82.192113	1.000000	2.906560	1.#QNAN0	1.#QNAN0	0.517597	1.#QNAN0	1.#QNAN0	2.125277	1.000000	0.589140	0.431745	1.#QNAN0	1.#QNAN0	0.461581	1.000000	1.#QNAN0	2.388963	1.#QNAN0	1.#QNAN0	2.000333	1.000000	2.393752	2.383215	1.#QNAN0	1.#QNAN0	1.945945	1.000000	-1.000000	-1.000000	-1.000000	-1.000000	0.485241	1013.000000	25.000000	0.000000	0.000000	0.000000	0.000000	0.000000	0.000000	0.000000	0.000000	-1.000000	0.000000	0.000000	0.693458	1.#QNAN0	14633.247949	10668.360000	1.#QNAN0	1.#QNAN0	14566.024564	-1.000000	5.120000	-1.000000	0.000000	1.000000	0.000000	1.000000	0.000000	1.#QNAN0	1.#QNAN0	1.#QNAN0	0.000000	0.000000	1.#QNAN0	1.#QNAN0	1.#QNAN0	1.#QNAN0	0.000000	1.#QNAN0	0.000000	29.688881	0.000000	0.000000	0.000000	0.000000	1.000000	0.000000	-1.000000	0.000000	-1.813020	0.000000	1.#QNAN0	0.000168	0.000000	4.000000	0.000000	0.000000	0.000000	3.000000	42.799999	0.000000	1.#QNAN0	148.481603	0.633446	0.000000	0.000000	0.000000
267	15557	-990801.000000	100	15557	16069	143	16070.000000	0.064593	-1.000000	1.000000	14461.379687	4.504901	147.413986	-1.000000	29.637017	90.000000	0.000000	0.341720	0.000000	14398.437822	146.875000	0.000000	0.485241	79.235000	0.000000	0.142027	0.069867	150.000000	6.180000	22.853396	23.809646	-1.671785	0.080703	0.107654	0.069867	0.094437	21.813391	35.606940	32.323200	28.382712	35.606940	18.310121	16.870577	19.509742	1.#QNAN0	1.978197	0.547359	1.430838	27.669605	72.330395	1.000000	1.978197	1.#QNAN0	1.#QNAN0	0.547359	1.#QNAN0	1.#QNAN0	2.629033	1.000000	0.434900	0.641075	1.#QNAN0	1.#QNAN0	0.460257	1.000000	1.#QNAN0	1.430838	1.#QNAN0	1.#QNAN0	2.310035	1.000000	1.093172	1.712226	1.#QNAN0	1.#QNAN0	1.273302	1.000000	-1.000000	-1.000000	-1.000000	-1.000000	0.485241	1013.000000	25.000000	0.000000	0.000000	0.000000	0.000000	0.000000	0.000000	0.000000	0.000000	-1.000000	0.000000	0.000000	0.832141	1.#QNAN0	14513.488545	10575.980000	1.#QNAN0	1.#QNAN0	14461.379687	-1.000000	5.120000	-1.000000	0.000000	1.000000	0.000000	1.000000	0.000000	1.#QNAN0	1.#QNAN0	1.#QNAN0	0.000000	0.000000	1.#QNAN0	1.#QNAN0	1.#QNAN0	1.#QNAN0	0.000000	1.#QNAN0	0.000000	29.637017	0.000000	0.000000	0.000000	0.000000	1.000000	0.000000	-1.000000	0.000000	-1.671785	0.000000	1.#QNAN0	0.000184	0.000000	4.000000	0.000000	0.000000	0.000000	3.000000	42.600002	0.000000	1.#QNAN0	147.413986	0.575202	0.000000	0.000000	0.000000
268	16070	-990801.000000	100	16070	16582	143	16583.000000	0.169603	-1.000000	1.000000	14330.823616	4.453680	146.087110	-1.000000	29.521887	90.000000	0.000000	0.432942	0.000000	14249.293701	145.125000	0.000000	0.485241	79.235000	0.000000	0.152657	0.078290	150.000000	6.180000	22.638691	23.806231	-1.811896	0.089513	0.111873	0.078290	0.101439	24.614103	43.039379	37.830004	43.039379	31.578753	20.208803	23.538333	16.213366	1.#QNAN0	1.837768	0.263839	1.573929	14.356517	85.643483	1.000000	1.837768	1.#QNAN0	1.#QNAN0	0.263839	1.#QNAN0	1.#QNAN0	2.332349	1.000000	0.277725	0.247177	1.#QNAN0	1.#QNAN0	0.205271	1.000000	1.#QNAN0	1.573929	1.#QNAN0	1.#QNAN0	2.021682	1.000000	1.576667	1.570643	1.#QNAN0	1.#QNAN0	1.273537	1.000000	-1.000000	-1.000000	-1.000000	-1.000000	0.485241	1013.000000	25.000000	0.000000	0.000000	0.000000	0.000000	0.000000	0.000000	0.000000	0.000000	-1.000000	0.000000	0.000000	0.739685	1.#QNAN0	14398.036797	10495.510000	1.#QNAN0	1.#QNAN0	14330.823616	-1.000000	5.120000	-1.000000	0.000000	1.000000	0.000000	1.000000	0.000000	1.#QNAN0	1.#QNAN0	1.#QNAN0	0.000000	0.000000	1.#QNAN0	1.#QNAN0	1.#QNAN0	1.#QNAN0	0.000000	1.#QNAN0	0.000000	29.521887	0.000000	0.000000	0.000000	0.000000	1.000000	0.000000	-1.000000	0.000000	-1.811896	0.000000	1.#QNAN0	0.000161	0.000000	4.000000	0.000000	0.000000	0.000000	3.000000	42.600002	0.000000	1.#QNAN0	146.087110	0.363403	0.000000	0.000000	0.000000
269	16583	-990801.000000	100	16583	16929	143	16930.000000	0.256686	-1.000000	1.000000	14199.375775	4.369195	144.742615	-1.000000	29.122208	90.000000	0.000000	0.303890	0.000000	14131.771211	144.062500	0.000000	0.485241	79.235000	0.000000	0.140025	0.079323	150.000000	6.180000	22.421135	23.809856	-1.827788	0.084229	0.112953	0.079323	0.102596	23.126781	42.005087	37.504563	32.103935	42.005087	18.334187	14.974594	21.133849	1.#QNAN0	1.995014	0.291233	1.703780	14.598069	85.401931	1.000000	1.995014	1.#QNAN0	1.#QNAN0	0.291233	1.#QNAN0	1.#QNAN0	2.232078	1.000000	0.363474	0.204545	1.#QNAN0	1.#QNAN0	0.276223	1.000000	1.#QNAN0	1.703780	1.#QNAN0	1.#QNAN0	2.305320	1.000000	1.857572	1.519230	1.#QNAN0	1.#QNAN0	1.383184	1.000000	-1.000000	-1.000000	-1.000000	-1.000000	0.485241	1013.000000	25.000000	0.000000	0.000000	0.000000	0.000000	0.000000	0.000000	0.000000	0.000000	-1.000000	0.000000	0.000000	3.867937	1.#QNAN0	14249.184551	10386.120000	1.#QNAN0	1.#QNAN0	14199.375775	-1.000000	3.460000	-1.000000	0.000000	1.000000	0.000000	1.000000	0.000000	1.#QNAN0	1.#QNAN0	1.#QNAN0	0.000000	0.000000	1.#QNAN0	1.#QNAN0	1.#QNAN0	1.#QNAN0	0.000000	1.#QNAN0	0.000000	29.122208	0.000000	0.000000	0.000000	0.000000	1.000000	0.000000	-1.000000	0.000000	-1.827788	0.000000	1.#QNAN0	0.000172	0.000000	4.000000	0.000000	0.000000	0.000000	3.000000	42.500000	0.000000	1.#QNAN0	144.742615	0.475984	0.000000	0.000000	0.000000
270	17502	-990705.000000	100	17502	20707	155	20707.000000	-1.000000	-1.245060	-1.000000	-1.245060	-2.216309	1383.434191	0.000000	14.150391	132.540039	0.070974	2.490000	-1.000000	1.032149	-1.000000	1.000000	0.485241	-1.000000	0.000000	-1.000000	-0.212912	1.#QNAN0	-0.351759	1.#QNAN0	0.893301	-7.770000	-7.770000	-7.770000	-7.770000	1.000000	3.000000	0.116646	-1.247586	1.000000	0.000000	0.043742	-0.912412	14.150391	1383.434191	12997.095234	0.000000	0.000000	-1.000000	150.000000	0.000000	0.000000	-1.000000	-1.000000	-1.000000	-1.000000	0.485241	1013.000000	25.000000	0.000000	0.000000	0.000000	0.000000	0.000000	0.000000	0.000000	0.000000	-1.000000	-1.247424	0.000000	0.000000	1.#QNAN0	12997.095234	9500.780000	1.#QNAN0	1.#QNAN0	12997.095234	-1.000000	32.050000	-1.000000	0.000000	1.000000	0.000000	1.000000	0.000000	1.#QNAN0	1.#QNAN0	1.#QNAN0	0.000000	0.000000	1.#QNAN0	1.#QNAN0	1.#QNAN0	1.#QNAN0	0.000000	1.#QNAN0	0.000000	10.096697	0.000000	0.000000	0.000000	0.000000	1.000000	0.000000	-1.000000	0.000000	-2.222185	0.000000	1.#QNAN0	0.000210	1.#QNAN0	4.000000	0.000000	0.000000	0.000000	3.000000	42.299999	0.000000	1.#QNAN0	132.540039	1.461187	0.000000	0.000000	0.000000	1.233787	0.234343	0.999444	18.993819	81.006181	1.000000	1.233787	1.#QNAN0	1.#QNAN0	0.234343	1.#QNAN0	1.#QNAN0	2.212561	1.000000	0.255011	0.256851	0.216524	0.204486	0.196272	1.000000	1.#QNAN0	0.999444	1.#QNAN0	1.#QNAN0	2.075796	1.000000	0.849401	0.934449	1.213633	0.957456	0.964698	1.000000	-40.285675	42.453557	76.678513	0.000000	-40.285675
271	20707	-990701.000000	100	20707	21368	147	21368.000000	-1.000000	-1.245060	-1.000000	-1.245060	0.013309	2.490000	620.436392	0.918147	0.017269	0.103146	211.610000	-1.000000	-1.000000	1.#QNAN0	1.#QNAN0	1.#QNAN0	535.181263	0.000000	5.437500	14.150391	-0.022163	-1.000000	1.032149	-1.000000	1.000000	-1.000000	-1.000000	-0.212912	1.#QNAN0	-0.351759	1.#QNAN0	0.893301	-7.770000	-7.770000	3.600606	3.958997	1.000000	3.000000	150.000000	0.000000	0.000000	0.000000	-1.000000	-1.000000	-1.000000	-1.000000	0.000000	1013.000000	25.000000	0.000000	0.000000	0.000000	0.000000	0.000000	0.000000	0.000000	0.000000	-1.000000	-1.146282	0.000000	0.000000	1.#QNAN0	1383.434191	1012.990000	1.#QNAN0	1.#QNAN0	1383.434191	-1.000000	6.610000	-1.000000	0.000000	1.000000	0.000000	1.000000	0.000000	1.#QNAN0	1.#QNAN0	1.#QNAN0	0.000000	0.000000	1.#QNAN0	1.#QNAN0	1.#QNAN0	1.#QNAN0	0.000000	1.#QNAN0	0.000000	10.096697	0.000000	0.000000	0.000000	0.000000	1.000000	0.000000	-1.000000	0.000000	-2.180671	0.000000	1.#QNAN0	0.000212	1.#QNAN0	4.000000	0.000000	0.000000	0.000000	3.000000	42.700001	0.000000	1.#QNAN0	14.150391	2.222222	0.000000	0.000000	0.000000	0.167855	0.152331	0.015524	90.751655	9.248345	1.000000	0.167855	1.#QNAN0	1.#QNAN0	0.152331	1.#QNAN0	1.#QNAN0	2.229724	1.000000	0.158448	0.144991	1.#QNAN0	1.#QNAN0	0.126194	1.000000	0.000000	0.015524	1.#QNAN0	1.#QNAN0	2.142811	1.000000	0.010525	0.019689	1.#QNAN0	1.#QNAN0	0.015348	1.000000
272	21040	-990801.000000	100	21040	21552	143	21553.000000	0.095840	-1.000000	1.000000	572.327317	11.316588	5.796540	-1.000000	10.096697	90.000000	0.000000	0.705398	0.000000	475.632419	5.062500	0.000000	0.000000	79.235000	0.000000	0.061191	0.028374	150.000000	6.180000	0.062049	24.627464	-2.192109	0.012329	0.016914	0.028374	0.040659	22.183069	38.058128	33.429219	27.874530	38.058128	18.434353	14.468890	21.738904	1.#QNAN0	0.268166	0.251215	0.016950	93.679113	6.320887	1.000000	0.268166	1.#QNAN0	1.#QNAN0	0.251215	1.#QNAN0	1.#QNAN0	2.245645	1.000000	0.178975	0.311415	1.#QNAN0	1.#QNAN0	0.235762	1.000000	1.#QNAN0	0.016950	1.#QNAN0	1.#QNAN0	2.026794	1.000000	0.010957	0.021945	1.#QNAN0	1.#QNAN0	0.018902	1.000000	-1.000000	-1.000000	-1.000000	-1.000000	0.000000	1013.000000	25.000000	0.000000	0.000000	0.000000	0.000000	0.000000	0.000000	0.000000	0.000000	-1.000000	0.000000	0.000000	0.000000	1.#QNAN0	731.559608	529.320000	1.#QNAN0	1.#QNAN0	572.327317	-1.000000	5.120000	-1.000000	0.000000	1.000000	0.000000	1.000000	0.000000	1.#QNAN0	1.#QNAN0	1.#QNAN0	0.000000	0.000000	1.#QNAN0	1.#QNAN0	1.#QNAN0	1.#QNAN0	0.000000	1.#QNAN0	0.000000	10.096697	0.000000	0.000000	0.000000	0.000000	1.000000	0.000000	-1.000000	0.000000	-2.192109	0.000000	1.#QNAN0	0.000212	0.000000	4.000000	0.000000	0.000000	0.000000	3.000000	42.700001	0.000000	1.#QNAN0	5.796540	1.840491	0.000000	0.000000	0.000000
273	21553	-990801.000000	100	21553	22065	143	22066.000000	0.004221	-1.000000	1.000000	464.038437	6.719170	4.678972	-1.000000	10.096697	90.000000	0.000000	0.158684	0.000000	444.707468	4.500000	0.000000	0.000000	79.235000	0.000000	0.072283	0.031020	150.000000	6.180000	0.242885	25.165801	-2.182761	0.011445	0.018326	0.031020	0.048030	26.147451	46.111111	41.427559	43.305315	39.174251	21.054082	21.890171	20.050776	1.#QNAN0	0.388496	0.375032	0.013464	96.534389	3.465611	1.000000	0.388496	1.#QNAN0	1.#QNAN0	0.375032	1.#QNAN0	1.#QNAN0	2.557936	1.000000	0.382434	0.366150	1.#QNAN0	1.#QNAN0	0.321713	1.000000	1.#QNAN0	0.013464	1.#QNAN0	1.#QNAN0	1.953859	1.000000	0.017714	0.008364	1.#QNAN0	1.#QNAN0	0.014894	1.000000	-1.000000	-1.000000	-1.000000	-1.000000	0.000000	1013.000000	25.000000	0.000000	0.000000	0.000000	0.000000	0.000000	0.000000	0.000000	0.000000	-1.000000	0.000000	0.000000	0.000000	1.#QNAN0	475.783701	362.570000	1.#QNAN0	1.#QNAN0	464.038437	-1.000000	5.120000	-1.000000	0.000000	1.000000	0.000000	1.000000	0.000000	1.#QNAN0	1.#QNAN0	1.#QNAN0	0.000000	0.000000	1.#QNAN0	1.#QNAN0	1.#QNAN0	1.#QNAN0	0.000000	1.#QNAN0	0.000000	10.096697	0.000000	0.000000	0.000000	0.000000	1.000000	0.000000	-1.000000	0.000000	-2.182761	0.000000	1.#QNAN0	0.000166	0.000000	4.000000	0.000000	0.000000	0.000000	3.000000	42.700001	0.000000	1.#QNAN0	4.678972	0.625000	0.000000	0.000000	0.000000
274	22066	-990801.000000	100	22066	22578	143	22579.000000	0.018984	-1.000000	1.000000	437.798087	0.681178	4.415205	-1.000000	10.096697	90.000000	0.000000	0.034874	0.000000	437.696250	4.437500	0.000000	0.000000	79.235000	0.000000	0.019110	0.009260	150.000000	6.180000	0.285566	25.148052	-2.180231	0.006335	0.008484	0.009260	0.012698	5.268297	8.827461	7.951828	8.827461	6.901069	4.373787	4.771239	3.896844	1.#QNAN0	0.035127	0.028346	0.006781	80.695537	19.304463	1.000000	0.035127	1.#QNAN0	1.#QNAN0	0.028346	1.#QNAN0	1.#QNAN0	2.550665	1.000000	0.037048	0.017904	1.#QNAN0	1.#QNAN0	0.025840	1.000000	1.#QNAN0	0.006781	1.#QNAN0	1.#QNAN0	2.048239	1.000000	0.005774	0.007621	1.#QNAN0	1.#QNAN0	0.006107	1.000000	-1.000000	-1.000000	-1.000000	-1.000000	0.000000	1013.000000	25.000000	0.000000	0.000000	0.000000	0.000000	0.000000	0.000000	0.000000	0.000000	-1.000000	0.000000	0.000000	0.000000	1.#QNAN0	444.757899	322.840000	1.#QNAN0	1.#QNAN0	437.798087	-1.000000	5.120000	-1.000000	0.000000	1.000000	0.000000	1.000000	0.000000	1.#QNAN0	1.#QNAN0	1.#QNAN0	0.000000	0.000000	1.#QNAN0	1.#QNAN0	1.#QNAN0	1.#QNAN0	0.000000	1.#QNAN0	0.000000	10.096697	0.000000	0.000000	0.000000	0.000000	1.000000	0.000000	-1.000000	0.000000	-2.180231	0.000000	1.#QNAN0	0.000155	0.000000	4.000000	0.000000	0.000000	0.000000	3.000000	42.700001	0.000000	1.#QNAN0	4.415205	0.000000	0.000000	0.000000	0.000000
275	22579	-990801.000000	100	22579	23091	143	23092.000000	0.004984	-1.000000	1.000000	432.457528	0.895538	4.363182	-1.000000	10.096697	90.000000	0.000000	0.040934	0.000000	428.418831	4.312500	0.000000	0.000000	79.235000	0.000000	0.050332	0.017467	150.000000	6.180000	0.293983	25.095003	-2.035801	0.008389	0.015188	0.017467	0.033445	13.104955	26.130511	17.384190	7.997532	25.206405	11.678543	9.440149	13.543871	1.#QNAN0	0.200377	0.192762	0.007615	96.199513	3.800487	1.000000	0.200377	1.#QNAN0	1.#QNAN0	0.192762	1.#QNAN0	1.#QNAN0	2.718175	1.000000	0.020920	0.335963	1.#QNAN0	1.#QNAN0	0.226204	1.000000	1.#QNAN0	0.007615	1.#QNAN0	1.#QNAN0	2.365229	1.000000	0.007159	0.007996	1.#QNAN0	1.#QNAN0	0.005857	1.000000	-1.000000	-1.000000	-1.000000	-1.000000	0.000000	1013.000000	25.000000	0.000000	0.000000	0.000000	0.000000	0.000000	0.000000	0.000000	0.000000	-1.000000	0.000000	0.000000	0.000000	1.#QNAN0	437.747851	318.280000	1.#QNAN0	1.#QNAN0	432.457528	-1.000000	5.120000	-1.000000	0.000000	1.000000	0.000000	1.000000	0.000000	1.#QNAN0	1.#QNAN0	1.#QNAN0	0.000000	0.000000	1.#QNAN0	1.#QNAN0	1.#QNAN0	1.#QNAN0	0.000000	1.#QNAN0	0.000000	10.096697	0.000000	0.000000	0.000000	0.000000	1.000000	0.000000	-1.000000	0.000000	-2.035801	0.000000	1.#QNAN0	0.000198	0.000000	4.000000	0.000000	0.000000	0.000000	3.000000	42.700001	0.000000	1.#QNAN0	4.363182	0.000000	0.000000	0.000000	0.000000
